Epoch,Time(s),Loss,F1
00000,1.1835,0.6366,0.0009
00001,0.9384,0.4933,0.0009
00002,0.8495,0.3918,0.0000
00003,0.8142,0.4657,0.0000
00004,0.8163,0.4292,0.0000
00005,0.8175,0.3905,0.0000
00006,0.7883,0.3822,0.0000
00007,0.7707,0.3861,0.0000
00008,0.7467,0.3901,0.0000
00009,0.7221,0.3902,0.0000
00010,0.7015,0.3868,0.0000
00011,0.6860,0.3813,0.0000
00012,0.6823,0.3768,0.0000
00013,0.6784,0.3752,0.0000
00014,0.6737,0.3767,0.0000
00015,0.6697,0.3774,0.0000
00016,0.6641,0.3754,0.0000
00017,0.6643,0.3731,0.0000
00018,0.6678,0.3738,0.0000
00019,0.6692,0.3750,0.0000
00020,0.6688,0.3743,0.0000
00021,0.6708,0.3733,0.0000
00022,0.6653,0.3736,0.0000
00023,0.6616,0.3743,0.0000
00024,0.6604,0.3743,0.0000
00025,0.6589,0.3737,0.0000
00026,0.6578,0.3731,0.0000
00027,0.6565,0.3731,0.0000
00028,0.6518,0.3733,0.0000
00029,0.6568,0.3732,0.0000
00030,0.6596,0.3728,0.0000
00031,0.6600,0.3727,0.0000
00032,0.6623,0.3727,0.0000
00033,0.6731,0.3728,0.0000
00034,0.6821,0.3727,0.0000
00035,0.6837,0.3725,0.0000
00036,0.6846,0.3723,0.0000
00037,0.6846,0.3723,0.0000
00038,0.6821,0.3723,0.0000
00039,0.6794,0.3721,0.0000
00040,0.6753,0.3719,0.0000
00041,0.6739,0.3719,0.0000
00042,0.6724,0.3718,0.0000
00043,0.6685,0.3715,0.0000
00044,0.6675,0.3714,0.0000
00045,0.6651,0.3713,0.0000
00046,0.6617,0.3710,0.0000
00047,0.6587,0.3709,0.0000
00048,0.6578,0.3706,0.0000
00049,0.6579,0.3702,0.0000
00050,0.6605,0.3698,0.0000
00051,0.6632,0.3693,0.0000
00052,0.6658,0.3688,0.0000
00053,0.6675,0.3682,0.0000
00054,0.6663,0.3675,0.0000
00055,0.6642,0.3667,0.0000
00056,0.6614,0.3662,0.0000
00057,0.6585,0.3680,0.0000
00058,0.6557,0.3681,0.0000
00059,0.6545,0.3648,0.0000
00060,0.6540,0.3671,0.0000
00061,0.6531,0.3643,0.0000
00062,0.6509,0.3662,0.0000
00063,0.6505,0.3641,0.0000
00064,0.6482,0.3656,0.0000
00065,0.6459,0.3636,0.0000
00066,0.6477,0.3645,0.0024
00067,0.6498,0.3635,0.0000
00068,0.6515,0.3640,0.0003
00069,0.6540,0.3634,0.0030
00070,0.6543,0.3629,0.0009
00071,0.6523,0.3630,0.0000
00072,0.6518,0.3629,0.0000
00073,0.6512,0.3625,0.0130
00074,0.6492,0.3621,0.0176
00075,0.6475,0.3619,0.0182
00076,0.6455,0.3619,0.0185
00077,0.6437,0.3615,0.0185
00078,0.6419,0.3611,0.0110
00079,0.6402,0.3609,0.0110
00080,0.6384,0.3607,0.0196
00081,0.6366,0.3605,0.0182
00082,0.6349,0.3600,0.0381
00083,0.6351,0.3596,0.0467
00084,0.6371,0.3593,0.0279
00085,0.6389,0.3588,0.0276
00086,0.6404,0.3582,0.0185
00087,0.6409,0.3578,0.0299
00088,0.6394,0.3573,0.0156
00089,0.6378,0.3576,0.0946
00090,0.6366,0.3596,0.0268
00091,0.6365,0.3613,0.0311
00092,0.6357,0.3550,0.0356
00093,0.6343,0.3585,0.0000
00094,0.6329,0.3618,0.0387
00095,0.6327,0.3562,0.0640
00096,0.6325,0.3553,0.0602
00097,0.6315,0.3597,0.0632
00098,0.6303,0.3555,0.0314
00099,0.6299,0.3558,0.0018
00000,1.2652,0.7342,0.0000
00001,1.0687,0.4433,0.0000
00002,0.8895,0.4544,0.0000
00003,0.8093,0.4226,0.0000
00004,0.7454,0.3811,0.0000
00005,0.7058,0.3937,0.0000
00006,0.6769,0.3988,0.0000
00007,0.6540,0.3876,0.0000
00008,0.6397,0.3754,0.0000
00009,0.6347,0.3783,0.0000
00010,0.6237,0.3854,0.0000
00011,0.6234,0.3820,0.0000
00012,0.6183,0.3763,0.0000
00013,0.6109,0.3752,0.0000
00014,0.6169,0.3775,0.0000
00015,0.6263,0.3788,0.0000
00016,0.6400,0.3769,0.0000
00017,0.6553,0.3738,0.0000
00018,0.6684,0.3725,0.0000
00019,0.6646,0.3737,0.0000
00020,0.6614,0.3740,0.0000
00021,0.6608,0.3729,0.0000
00022,0.6558,0.3718,0.0000
00023,0.6507,0.3716,0.0000
00024,0.6486,0.3718,0.0000
00025,0.6470,0.3717,0.0000
00026,0.6445,0.3711,0.0000
00027,0.6397,0.3704,0.0000
00028,0.6378,0.3699,0.0000
00029,0.6335,0.3696,0.0000
00030,0.6343,0.3693,0.0000
00031,0.6397,0.3687,0.0000
00032,0.6431,0.3681,0.0000
00033,0.6501,0.3681,0.0000
00034,0.6518,0.3676,0.0000
00035,0.6557,0.3669,0.0000
00036,0.6600,0.3667,0.0000
00037,0.6683,0.3663,0.0000
00038,0.6751,0.3655,0.0000
00039,0.6728,0.3649,0.0000
00040,0.6698,0.3646,0.0000
00041,0.6668,0.3637,0.0000
00042,0.6649,0.3632,0.0000
00043,0.6616,0.3626,0.0000
00044,0.6602,0.3617,0.0000
00045,0.6587,0.3612,0.0000
00046,0.6573,0.3602,0.0000
00047,0.6555,0.3596,0.0000
00048,0.6551,0.3585,0.0000
00049,0.6558,0.3579,0.0000
00050,0.6573,0.3572,0.0000
00051,0.6589,0.3560,0.0006
00052,0.6613,0.3555,0.0000
00053,0.6636,0.3552,0.0077
00054,0.6656,0.3539,0.0042
00055,0.6634,0.3528,0.0063
00056,0.6624,0.3521,0.0210
00057,0.6608,0.3518,0.0083
00058,0.6587,0.3520,0.0365
00059,0.6574,0.3513,0.0122
00060,0.6566,0.3505,0.0302
00061,0.6543,0.3490,0.0416
00062,0.6523,0.3486,0.0151
00063,0.6502,0.3490,0.0518
00064,0.6482,0.3480,0.0209
00065,0.6462,0.3469,0.0293
00066,0.6456,0.3461,0.0441
00067,0.6486,0.3460,0.0174
00068,0.6505,0.3459,0.0421
00069,0.6524,0.3447,0.0416
00070,0.6552,0.3442,0.0262
00071,0.6543,0.3442,0.0502
00072,0.6532,0.3435,0.0404
00073,0.6510,0.3429,0.0387
00074,0.6488,0.3427,0.0565
00075,0.6467,0.3425,0.0407
00076,0.6446,0.3421,0.0560
00077,0.6427,0.3416,0.0585
00078,0.6419,0.3413,0.0485
00079,0.6418,0.3411,0.0735
00080,0.6402,0.3410,0.0485
00081,0.6390,0.3408,0.1012
00082,0.6382,0.3404,0.0554
00083,0.6402,0.3400,0.0823
00084,0.6411,0.3396,0.0901
00085,0.6417,0.3393,0.0610
00086,0.6433,0.3392,0.1210
00087,0.6459,0.3390,0.0586
00088,0.6445,0.3390,0.1274
00089,0.6428,0.3388,0.0798
00090,0.6412,0.3387,0.1285
00091,0.6396,0.3383,0.1104
00092,0.6389,0.3380,0.1201
00093,0.6381,0.3377,0.1189
00094,0.6381,0.3374,0.1168
00095,0.6373,0.3372,0.1354
00096,0.6364,0.3371,0.1092
00097,0.6357,0.3374,0.1682
00098,0.6354,0.3388,0.0297
00099,0.6508,0.3454,0.1628
00100,0.6673,0.3377,0.1439
00101,0.6689,0.3367,0.0400
00102,0.6680,0.3394,0.1313
00103,0.6674,0.3359,0.1616
00104,0.6660,0.3382,0.0381
00105,0.6653,0.3394,0.1067
00106,0.6649,0.3363,0.1911
00107,0.6642,0.3404,0.0866
00108,0.6632,0.3366,0.0435
00109,0.6619,0.3379,0.1520
00110,0.6612,0.3357,0.1606
00111,0.6605,0.3365,0.0796
00112,0.6595,0.3361,0.0964
00113,0.6588,0.3360,0.1576
00114,0.6591,0.3352,0.1584
00115,0.6602,0.3349,0.1066
00116,0.6613,0.3351,0.1253
00117,0.6634,0.3343,0.1719
00118,0.6637,0.3347,0.1545
00119,0.6630,0.3332,0.1255
00120,0.6621,0.3341,0.1454
00121,0.6617,0.3328,0.1752
00122,0.6605,0.3337,0.1374
00123,0.6592,0.3327,0.1355
00124,0.6581,0.3327,0.1720
00125,0.6568,0.3326,0.1541
00126,0.6558,0.3317,0.1358
00127,0.6552,0.3321,0.1645
00128,0.6550,0.3314,0.1662
00129,0.6543,0.3312,0.1385
00130,0.6545,0.3314,0.1649
00131,0.6547,0.3306,0.1660
00132,0.6549,0.3305,0.1408
00133,0.6554,0.3306,0.1680
00134,0.6568,0.3300,0.1653
00135,0.6571,0.3297,0.1467
00136,0.6562,0.3298,0.1725
00137,0.6551,0.3294,0.1627
00138,0.6543,0.3289,0.1600
00139,0.6539,0.3287,0.1768
00140,0.6529,0.3286,0.1533
00141,0.6525,0.3285,0.1758
00142,0.6518,0.3281,0.1647
00143,0.6511,0.3277,0.1718
00144,0.6506,0.3274,0.1739
00145,0.6496,0.3272,0.1636
00146,0.6491,0.3271,0.1880
00147,0.6501,0.3270,0.1479
00148,0.6511,0.3275,0.2257
00149,0.6516,0.3283,0.1275
00150,0.6521,0.3310,0.2391
00151,0.6535,0.3291,0.1399
00152,0.6530,0.3274,0.1680
00153,0.6522,0.3259,0.2082
00154,0.6514,0.3268,0.1433
00155,0.6508,0.3264,0.1774
00156,0.6505,0.3256,0.1940
00157,0.6502,0.3266,0.1657
00158,0.6497,0.3250,0.1688
00159,0.6489,0.3245,0.1915
00160,0.6482,0.3254,0.1773
00161,0.6479,0.3240,0.1559
00162,0.6475,0.3242,0.2060
00163,0.6479,0.3239,0.1768
00164,0.6485,0.3229,0.1720
00165,0.6490,0.3231,0.1964
00166,0.6497,0.3227,0.1860
00167,0.6508,0.3221,0.1813
00168,0.6510,0.3222,0.1908
00169,0.6505,0.3221,0.2061
00170,0.6498,0.3221,0.1415
00171,0.6494,0.3255,0.2590
00172,0.6487,0.3293,0.1064
00173,0.6480,0.3443,0.1406
00174,0.6474,0.3272,0.2649
00175,0.6470,0.3501,0.0982
00176,0.6463,0.3319,0.1000
00177,0.6460,0.3431,0.1190
00178,0.6457,0.3366,0.1293
00179,0.6454,0.3281,0.1274
00180,0.6464,0.3361,0.1771
00181,0.6470,0.3345,0.1540
00182,0.6479,0.3269,0.1292
00183,0.6491,0.3280,0.1395
00184,0.6497,0.3310,0.1392
00185,0.6492,0.3293,0.1563
00186,0.6485,0.3257,0.1846
00187,0.6478,0.3257,0.1853
00188,0.6475,0.3271,0.2318
00189,0.6469,0.3263,0.1347
00190,0.6465,0.3312,0.3626
00191,0.6461,0.3531,0.0213
00192,0.6455,0.3745,0.1281
00193,0.6452,0.3291,0.3502
00194,0.6446,0.3549,0.2322
00195,0.6438,0.3308,0.0808
00196,0.6434,0.3310,0.0286
00197,0.6441,0.3410,0.0324
00198,0.6448,0.3376,0.0564
00199,0.6453,0.3300,0.1480
00200,0.6463,0.3289,0.1761
00201,0.6463,0.3308,0.1734
00202,0.6460,0.3297,0.1507
00203,0.6469,0.3273,0.1502
00204,0.6467,0.3249,0.1157
00205,0.6462,0.3250,0.1245
00206,0.6459,0.3263,0.1194
00207,0.6460,0.3262,0.1578
00208,0.6464,0.3249,0.1788
00209,0.6473,0.3236,0.1854
00210,0.6483,0.3237,0.2059
00211,0.6496,0.3243,0.2053
00212,0.6519,0.3238,0.1856
00213,0.6524,0.3225,0.1743
00214,0.6529,0.3218,0.1777
00215,0.6536,0.3220,0.1790
00216,0.6537,0.3221,0.1801
00217,0.6535,0.3217,0.1818
00218,0.6532,0.3211,0.1958
00219,0.6527,0.3210,0.2088
00220,0.6521,0.3211,0.2165
00221,0.6516,0.3209,0.2129
00222,0.6514,0.3204,0.2033
00223,0.6508,0.3201,0.1953
00224,0.6502,0.3202,0.1962
00225,0.6495,0.3199,0.2043
00226,0.6492,0.3194,0.2184
00227,0.6486,0.3192,0.2280
00228,0.6491,0.3192,0.2232
00229,0.6496,0.3190,0.2158
00230,0.6503,0.3187,0.2112
00231,0.6508,0.3186,0.2086
00232,0.6517,0.3185,0.2072
00233,0.6513,0.3181,0.2128
00234,0.6509,0.3179,0.2213
00235,0.6508,0.3178,0.2185
00236,0.6505,0.3176,0.2100
00237,0.6505,0.3173,0.2054
00238,0.6502,0.3172,0.2054
00239,0.6500,0.3170,0.2079
00240,0.6497,0.3168,0.2103
00241,0.6494,0.3166,0.2134
00242,0.6493,0.3165,0.2125
00243,0.6490,0.3163,0.2108
00244,0.6495,0.3161,0.2110
00245,0.6502,0.3159,0.2149
00246,0.6508,0.3158,0.2150
00247,0.6512,0.3156,0.2164
00248,0.6517,0.3154,0.2229
00249,0.6515,0.3153,0.2203
00250,0.6514,0.3151,0.2186
00251,0.6510,0.3150,0.2247
00252,0.6505,0.3148,0.2246
00253,0.6501,0.3147,0.2252
00254,0.6498,0.3145,0.2274
00255,0.6494,0.3144,0.2221
00256,0.6492,0.3143,0.2294
00257,0.6487,0.3141,0.2284
00258,0.6482,0.3140,0.2246
00259,0.6479,0.3139,0.2319
00260,0.6486,0.3137,0.2254
00261,0.6491,0.3136,0.2338
00262,0.6494,0.3135,0.2260
00263,0.6498,0.3134,0.2378
00264,0.6503,0.3133,0.2225
00265,0.6500,0.3132,0.2459
00266,0.6496,0.3133,0.2198
00267,0.6492,0.3132,0.2409
00268,0.6490,0.3129,0.2339
00269,0.6488,0.3126,0.2287
00270,0.6485,0.3125,0.2432
00271,0.6481,0.3126,0.2265
00272,0.6478,0.3126,0.2447
00273,0.6473,0.3125,0.2278
00274,0.6469,0.3122,0.2447
00275,0.6466,0.3121,0.2374
00276,0.6464,0.3119,0.2270
00277,0.6470,0.3119,0.2516
00278,0.6478,0.3118,0.2247
00279,0.6485,0.3118,0.2584
00280,0.6493,0.3124,0.2072
00281,0.6496,0.3128,0.2650
00282,0.6495,0.3119,0.2341
00283,0.6493,0.3112,0.2176
00284,0.6488,0.3115,0.2563
00285,0.6486,0.3114,0.2307
00286,0.6483,0.3115,0.2414
00287,0.6479,0.3108,0.2375
00288,0.6477,0.3107,0.2276
00289,0.6472,0.3108,0.2565
00290,0.6469,0.3112,0.2158
00291,0.6464,0.3120,0.2662
00292,0.6462,0.3109,0.2352
00293,0.6467,0.3104,0.2383
00294,0.6470,0.3103,0.2439
00295,0.6475,0.3097,0.2522
00296,0.6480,0.3100,0.2468
00297,0.6485,0.3097,0.2379
00298,0.6480,0.3094,0.2564
00299,0.6475,0.3096,0.2398
00300,0.6471,0.3093,0.2528
00301,0.6466,0.3091,0.2461
00302,0.6462,0.3091,0.2541
00303,0.6460,0.3092,0.2185
00304,0.6459,0.3103,0.2987
00305,0.6456,0.3138,0.1587
00306,0.6451,0.3214,0.2596
00307,0.6446,0.3094,0.2915
00308,0.6442,0.3195,0.1378
00309,0.6438,0.3276,0.1755
00310,0.6437,0.3203,0.2861
00311,0.6441,0.3192,0.2386
00312,0.6444,0.3156,0.1624
00313,0.6446,0.3155,0.1814
00314,0.6449,0.3178,0.2215
00315,0.6451,0.3131,0.2366
00316,0.6448,0.3170,0.2230
00317,0.6447,0.3125,0.2163
00318,0.6445,0.3133,0.2084
00319,0.6440,0.3136,0.2281
00320,0.6435,0.3121,0.2794
00321,0.6433,0.3131,0.2471
00322,0.6430,0.3104,0.2147
00323,0.6426,0.3117,0.2780
00324,0.6422,0.3115,0.2432
00325,0.6418,0.3131,0.2793
00326,0.6414,0.3101,0.2485
00327,0.6410,0.3097,0.2319
00328,0.6412,0.3102,0.2870
00329,0.6413,0.3104,0.2561
00330,0.6415,0.3090,0.2326
00331,0.6419,0.3094,0.2669
00332,0.6424,0.3090,0.2531
00333,0.6423,0.3085,0.2446
00334,0.6419,0.3084,0.2565
00335,0.6415,0.3088,0.2486
00336,0.6411,0.3078,0.2561
00337,0.6409,0.3079,0.2670
00338,0.6408,0.3077,0.2400
00339,0.6407,0.3075,0.2583
00340,0.6403,0.3072,0.2686
00341,0.6400,0.3071,0.2425
00342,0.6399,0.3070,0.2668
00343,0.6397,0.3067,0.2632
00344,0.6395,0.3067,0.2521
00345,0.6400,0.3064,0.2597
00346,0.6403,0.3063,0.2574
00347,0.6407,0.3062,0.2620
00348,0.6413,0.3060,0.2556
00349,0.6415,0.3058,0.2605
00350,0.6411,0.3057,0.2604
00351,0.6406,0.3055,0.2539
00352,0.6405,0.3054,0.2658
00353,0.6402,0.3052,0.2567
00354,0.6400,0.3050,0.2567
00355,0.6399,0.3048,0.2688
00356,0.6395,0.3047,0.2547
00357,0.6392,0.3046,0.2729
00358,0.6390,0.3045,0.2584
00359,0.6388,0.3043,0.2697
00360,0.6383,0.3042,0.2657
00361,0.6380,0.3041,0.2671
00362,0.6381,0.3042,0.2675
00363,0.6388,0.3045,0.2713
00364,0.6394,0.3048,0.2593
00365,0.6398,0.3054,0.2817
00366,0.6403,0.3058,0.2548
00367,0.6399,0.3062,0.2846
00368,0.6396,0.3047,0.2546
00369,0.6392,0.3033,0.2704
00370,0.6390,0.3034,0.2592
00371,0.6388,0.3048,0.2768
00372,0.6385,0.3056,0.2326
00373,0.6382,0.3056,0.2931
00374,0.6381,0.3037,0.2548
00375,0.6377,0.3049,0.2750
00376,0.6375,0.3048,0.2812
00377,0.6372,0.3034,0.2387
00378,0.6370,0.3040,0.3228
00379,0.6376,0.3056,0.2225
00380,0.6378,0.3068,0.3047
00381,0.6379,0.3043,0.2513
00382,0.6380,0.3028,0.2619
00383,0.6385,0.3034,0.2883
00384,0.6383,0.3029,0.2526
00385,0.6382,0.3023,0.2742
00386,0.6380,0.3029,0.2507
00387,0.6379,0.3040,0.2881
00388,0.6378,0.3029,0.2442
00389,0.6381,0.3030,0.3025
00390,0.6386,0.3025,0.2554
00391,0.6390,0.3019,0.2743
00392,0.6396,0.3012,0.2890
00393,0.6406,0.3013,0.2486
00394,0.6411,0.3021,0.3127
00395,0.6417,0.3023,0.2400
00396,0.6422,0.3029,0.2993
00397,0.6429,0.3031,0.2371
00398,0.6427,0.3049,0.2821
00399,0.6425,0.3023,0.2755
00400,0.6423,0.3006,0.2617
00401,0.6422,0.3011,0.2886
00402,0.6420,0.3028,0.2413
00403,0.6420,0.3046,0.2922
00404,0.6419,0.3015,0.2688
00405,0.6417,0.3004,0.2751
00406,0.6417,0.3011,0.2833
00407,0.6416,0.3013,0.2712
00408,0.6416,0.3010,0.2883
00409,0.6422,0.2999,0.2775
00410,0.6426,0.2997,0.2884
00411,0.6428,0.3002,0.2772
00412,0.6431,0.3006,0.2948
00413,0.6436,0.3001,0.2673
00414,0.6435,0.2997,0.3115
00415,0.6435,0.2999,0.2421
00416,0.6434,0.3014,0.3341
00417,0.6434,0.3025,0.2077
00418,0.6433,0.3062,0.3441
00419,0.6434,0.3038,0.2457
00420,0.6432,0.3029,0.2786
00421,0.6432,0.3008,0.3053
00422,0.6432,0.3010,0.2310
00423,0.6430,0.3020,0.2949
00424,0.6430,0.2992,0.2976
00425,0.6434,0.3000,0.2277
00426,0.6437,0.3027,0.3015
00427,0.6444,0.2991,0.3019
00428,0.6448,0.2986,0.2403
00429,0.6449,0.3009,0.3134
00430,0.6450,0.2997,0.2789
00431,0.6448,0.2989,0.2710
00432,0.6447,0.2993,0.3274
00433,0.6446,0.3002,0.2563
00434,0.6443,0.3004,0.3018
00435,0.6443,0.2985,0.2929
00436,0.6441,0.2980,0.2540
00437,0.6439,0.2989,0.3139
00438,0.6437,0.2984,0.2707
00439,0.6437,0.2975,0.2786
00440,0.6438,0.2972,0.3119
00441,0.6439,0.2977,0.2636
00442,0.6444,0.2979,0.3073
00443,0.6449,0.2972,0.2898
00444,0.6455,0.2967,0.2776
00445,0.6454,0.2969,0.3161
00446,0.6453,0.2973,0.2586
00447,0.6453,0.2983,0.3132
00448,0.6452,0.2995,0.2523
00449,0.6451,0.3060,0.2801
00450,0.6450,0.3067,0.3102
00451,0.6450,0.3045,0.2547
00452,0.6450,0.2994,0.2954
00453,0.6449,0.3000,0.2623
00454,0.6446,0.3060,0.2672
00455,0.6447,0.2998,0.3054
00456,0.6449,0.3000,0.2543
00457,0.6451,0.3045,0.2661
00458,0.6452,0.2978,0.3256
00459,0.6455,0.3072,0.1756
00460,0.6458,0.3191,0.3187
00461,0.6457,0.3073,0.2894
00462,0.6456,0.3191,0.1965
00463,0.6453,0.3098,0.3195
00464,0.6452,0.3160,0.2506
00465,0.6449,0.3043,0.2326
00466,0.6446,0.3118,0.2513
00467,0.6443,0.3036,0.2864
00468,0.6440,0.3035,0.2505
00469,0.6437,0.3043,0.2383
00470,0.6437,0.3043,0.2945
00471,0.6435,0.3054,0.2692
00472,0.6434,0.3015,0.2603
00473,0.6437,0.3027,0.3004
00474,0.6439,0.3014,0.2734
00475,0.6442,0.3004,0.2896
00476,0.6448,0.3000,0.3003
00477,0.6449,0.2997,0.2805
00478,0.6448,0.3000,0.2906
00479,0.6444,0.2993,0.3000
00480,0.6444,0.2989,0.2766
00481,0.6442,0.2983,0.2993
00482,0.6441,0.2980,0.2841
00483,0.6442,0.2975,0.2812
00484,0.6440,0.2978,0.2969
00485,0.6438,0.2974,0.2741
00486,0.6435,0.2969,0.2977
00487,0.6433,0.2965,0.2829
00488,0.6430,0.2965,0.2971
00489,0.6432,0.2961,0.2974
00490,0.6435,0.2958,0.2948
00491,0.6438,0.2958,0.3071
00492,0.6442,0.2955,0.2870
00493,0.6445,0.2953,0.3089
00494,0.6444,0.2952,0.2829
00495,0.6441,0.2951,0.3189
00496,0.6439,0.2951,0.2739
00497,0.6436,0.2954,0.3359
00498,0.6433,0.2959,0.2451
00499,0.6431,0.2982,0.3603
00500,0.6428,0.2995,0.2218
00501,0.6425,0.3029,0.3534
00502,0.6424,0.2982,0.2719
00503,0.6422,0.2945,0.2686
00504,0.6420,0.2945,0.3388
00505,0.6417,0.2964,0.2568
00506,0.6421,0.2953,0.2892
00507,0.6425,0.2934,0.3358
00508,0.6428,0.2952,0.2601
00509,0.6434,0.2955,0.3100
00510,0.6434,0.2930,0.3325
00511,0.6434,0.2940,0.2679
00512,0.6434,0.2958,0.3250
00513,0.6433,0.2943,0.3211
00514,0.6433,0.2941,0.2479
00515,0.6432,0.2964,0.3434
00516,0.6430,0.2950,0.2753
00517,0.6428,0.2940,0.2962
00518,0.6427,0.2934,0.3297
00519,0.6427,0.2930,0.2762
00520,0.6425,0.2925,0.3057
00521,0.6425,0.2927,0.3134
00522,0.6427,0.2938,0.2978
00523,0.6429,0.2933,0.3111
00524,0.6433,0.2916,0.3185
00525,0.6436,0.2922,0.2931
00526,0.6435,0.2933,0.3118
00527,0.6433,0.2923,0.3262
00528,0.6432,0.2915,0.2887
00529,0.6430,0.2918,0.3269
00530,0.6427,0.2920,0.2981
00531,0.6426,0.2913,0.2999
00532,0.6425,0.2908,0.3343
00533,0.6424,0.2914,0.2844
00534,0.6424,0.2918,0.3368
00535,0.6422,0.2914,0.2886
00536,0.6421,0.2911,0.3291
00537,0.6421,0.2917,0.2837
00538,0.6423,0.2936,0.3379
00539,0.6427,0.2924,0.2682
00540,0.6428,0.2931,0.3559
00541,0.6430,0.2924,0.2646
00542,0.6433,0.2933,0.3543
00543,0.6432,0.2923,0.2833
00544,0.6430,0.2908,0.3164
00545,0.6430,0.2899,0.3320
00546,0.6429,0.2901,0.2793
00547,0.6427,0.2912,0.3561
00548,0.6424,0.2914,0.2730
00549,0.6422,0.2915,0.3453
00550,0.6420,0.2905,0.2958
00551,0.6417,0.2902,0.3215
00552,0.6417,0.2901,0.3182
00553,0.6415,0.2911,0.3015
00554,0.6414,0.2928,0.3275
00555,0.6417,0.2943,0.3041
00556,0.6420,0.2930,0.3142
00557,0.6423,0.2898,0.3342
00558,0.6427,0.2898,0.2873
00559,0.6427,0.2921,0.3469
00560,0.6426,0.2914,0.3028
00561,0.6425,0.2901,0.3197
00562,0.6423,0.2887,0.3348
00563,0.6422,0.2899,0.2960
00564,0.6422,0.2907,0.3407
00565,0.6426,0.2892,0.3130
00566,0.6429,0.2888,0.3266
00567,0.6430,0.2897,0.2959
00568,0.6432,0.2918,0.3553
00569,0.6439,0.2928,0.2167
00570,0.6444,0.3021,0.4099
00571,0.6448,0.3005,0.2343
00572,0.6451,0.3019,0.3130
00573,0.6454,0.2901,0.3813
00574,0.6452,0.2983,0.2428
00575,0.6449,0.2976,0.2747
00576,0.6446,0.2931,0.3873
00577,0.6446,0.2985,0.2891
00578,0.6445,0.2902,0.2668
00579,0.6443,0.2951,0.3271
00580,0.6441,0.2896,0.3538
00581,0.6438,0.2939,0.2978
00582,0.6436,0.2913,0.2659
00583,0.6435,0.2923,0.3637
00584,0.6433,0.2918,0.3201
00585,0.6431,0.2905,0.3010
00586,0.6434,0.2921,0.2821
00587,0.6436,0.2900,0.3643
00588,0.6439,0.2917,0.2977
00589,0.6442,0.2893,0.3021
00590,0.6444,0.2909,0.3124
00591,0.6441,0.2887,0.3556
00592,0.6440,0.2897,0.3026
00593,0.6439,0.2884,0.2958
00594,0.6438,0.2889,0.3430
00595,0.6436,0.2885,0.3209
00596,0.6434,0.2888,0.3169
00597,0.6431,0.2896,0.2783
00598,0.6431,0.2910,0.3638
00599,0.6430,0.2921,0.2536
00600,0.6429,0.2972,0.3286
00601,0.6429,0.2926,0.3029
00602,0.6430,0.2901,0.3328
00603,0.6433,0.2878,0.3251
00604,0.6437,0.2896,0.2701
00605,0.6439,0.2925,0.3513
00606,0.6445,0.2896,0.3190
00607,0.6446,0.2879,0.2975
00608,0.6446,0.2888,0.3512
00609,0.6446,0.2889,0.3007
00610,0.6445,0.2892,0.3258
00611,0.6443,0.2878,0.3364
00612,0.6442,0.2871,0.3202
00613,0.6440,0.2878,0.3307
00614,0.6439,0.2880,0.3094
00615,0.6438,0.2878,0.3424
00616,0.6437,0.2869,0.3233
00617,0.6436,0.2868,0.3229
00618,0.6439,0.2869,0.3453
00619,0.6444,0.2870,0.3084
00620,0.6449,0.2870,0.3466
00621,0.6454,0.2865,0.3265
00622,0.6454,0.2862,0.3263
00623,0.6454,0.2861,0.3427
00624,0.6454,0.2861,0.3188
00625,0.6453,0.2861,0.3405
00626,0.6452,0.2861,0.3219
00627,0.6451,0.2865,0.3471
00628,0.6451,0.2870,0.3085
00629,0.6450,0.2882,0.3580
00630,0.6448,0.2887,0.2700
00631,0.6447,0.2920,0.3679
00632,0.6446,0.2893,0.2870
00633,0.6446,0.2889,0.3459
00634,0.6449,0.2861,0.3423
00635,0.6455,0.2861,0.2932
00636,0.6459,0.2886,0.3594
00637,0.6462,0.2880,0.2995
00638,0.6462,0.2875,0.3417
00639,0.6461,0.2854,0.3436
00640,0.6460,0.2857,0.3071
00641,0.6458,0.2874,0.3622
00642,0.6458,0.2880,0.2907
00643,0.6457,0.2889,0.3562
00644,0.6456,0.2860,0.3287
00645,0.6456,0.2855,0.3306
00646,0.6455,0.2871,0.3339
00647,0.6454,0.2876,0.3371
00648,0.6453,0.2876,0.3049
00649,0.6456,0.2873,0.3869
00650,0.6459,0.2890,0.2590
00651,0.6460,0.2944,0.4040
00652,0.6462,0.2935,0.2635
00653,0.6464,0.2912,0.3258
00654,0.6463,0.2855,0.3861
00655,0.6462,0.2900,0.2643
00656,0.6461,0.2917,0.3281
00657,0.6460,0.2855,0.3869
00658,0.6461,0.2907,0.2697
00659,0.6462,0.2898,0.3142
00660,0.6461,0.2858,0.3943
00661,0.6461,0.2916,0.2858
00662,0.6460,0.2882,0.3002
00663,0.6460,0.2864,0.3880
00664,0.6463,0.2901,0.3084
00665,0.6465,0.2856,0.2937
00666,0.6468,0.2873,0.3661
00667,0.6473,0.2869,0.3453
00668,0.6475,0.2851,0.2847
00669,0.6474,0.2873,0.3436
00670,0.6473,0.2854,0.3468
00671,0.6473,0.2890,0.3318
00672,0.6471,0.2925,0.2240
00673,0.6469,0.3082,0.3547
00674,0.6468,0.2876,0.3524
00675,0.6467,0.2900,0.2349
00676,0.6465,0.3058,0.2853
00677,0.6463,0.2878,0.3616
00678,0.6461,0.3130,0.2600
00679,0.6460,0.3308,0.1494
00680,0.6460,0.3293,0.2186
00681,0.6462,0.3065,0.3760
00682,0.6465,0.3229,0.2988
00683,0.6468,0.3007,0.1899
00684,0.6472,0.3132,0.2182
00685,0.6472,0.3053,0.3102
00686,0.6471,0.3055,0.2905
00687,0.6470,0.3034,0.2380
00688,0.6468,0.3011,0.2251
00689,0.6467,0.3031,0.2730
00690,0.6466,0.3018,0.2962
00691,0.6466,0.2981,0.2801
00692,0.6465,0.2972,0.2811
00693,0.6464,0.2957,0.3258
00694,0.6464,0.2977,0.3008
00695,0.6464,0.2955,0.2929
00696,0.6466,0.2948,0.3268
00697,0.6468,0.2940,0.3010
00698,0.6471,0.2936,0.2875
00699,0.6472,0.2941,0.3068
00700,0.6475,0.2930,0.3193
00701,0.6474,0.2918,0.3030
00702,0.6474,0.2912,0.3055
00703,0.6473,0.2915,0.3192
00704,0.6473,0.2913,0.3115
00705,0.6472,0.2903,0.3095
00706,0.6472,0.2901,0.3171
00707,0.6470,0.2902,0.3048
00708,0.6468,0.2900,0.3003
00709,0.6466,0.2893,0.3147
00710,0.6464,0.2887,0.3177
00711,0.6462,0.2888,0.3077
00712,0.6463,0.2886,0.3254
00713,0.6464,0.2881,0.3304
00714,0.6464,0.2878,0.3208
00715,0.6467,0.2877,0.3300
00716,0.6468,0.2875,0.3308
00717,0.6467,0.2871,0.3233
00718,0.6467,0.2868,0.3377
00719,0.6466,0.2867,0.3294
00720,0.6465,0.2865,0.3310
00721,0.6463,0.2862,0.3400
00722,0.6461,0.2860,0.3294
00723,0.6460,0.2858,0.3333
00724,0.6460,0.2857,0.3351
00725,0.6459,0.2855,0.3281
00726,0.6457,0.2853,0.3402
00727,0.6456,0.2851,0.3341
00728,0.6456,0.2850,0.3338
00729,0.6458,0.2848,0.3351
00730,0.6460,0.2847,0.3285
00731,0.6461,0.2846,0.3361
00732,0.6462,0.2844,0.3335
00733,0.6463,0.2842,0.3368
00734,0.6461,0.2841,0.3352
00735,0.6460,0.2840,0.3352
00736,0.6460,0.2839,0.3367
00737,0.6459,0.2837,0.3349
00738,0.6458,0.2837,0.3412
00739,0.6458,0.2835,0.3339
00740,0.6461,0.2835,0.3499
00741,0.6464,0.2835,0.3255
00742,0.6466,0.2836,0.3665
00743,0.6468,0.2843,0.3083
00744,0.6471,0.2862,0.3859
00745,0.6473,0.2882,0.2896
00746,0.6475,0.2916,0.3788
00747,0.6480,0.2864,0.3365
00748,0.6481,0.2832,0.3030
00749,0.6479,0.2849,0.3738
00750,0.6478,0.2852,0.3337
00751,0.6476,0.2841,0.3135
00752,0.6475,0.2839,0.3710
00753,0.6473,0.2841,0.3192
00754,0.6471,0.2830,0.3391
00755,0.6469,0.2825,0.3678
00756,0.6468,0.2829,0.3157
00757,0.6467,0.2835,0.3641
00758,0.6467,0.2829,0.3381
00759,0.6466,0.2828,0.3220
00760,0.6469,0.2827,0.3607
00761,0.6471,0.2831,0.3296
00762,0.6472,0.2826,0.3371
00763,0.6473,0.2822,0.3603
00764,0.6477,0.2820,0.3283
00765,0.6477,0.2818,0.3511
00766,0.6476,0.2817,0.3472
00767,0.6476,0.2823,0.3381
00768,0.6476,0.2829,0.3438
00769,0.6474,0.2834,0.3463
00770,0.6474,0.2834,0.3202
00771,0.6473,0.2839,0.3650
00772,0.6471,0.2826,0.3193
00773,0.6470,0.2823,0.3614
00774,0.6469,0.2812,0.3447
00775,0.6468,0.2808,0.3373
00776,0.6472,0.2809,0.3628
00777,0.6474,0.2812,0.3240
00778,0.6476,0.2818,0.3624
00779,0.6479,0.2819,0.3316
00780,0.6481,0.2826,0.3470
00781,0.6480,0.2828,0.3545
00782,0.6479,0.2847,0.3268
00783,0.6479,0.2863,0.3598
00784,0.6478,0.2861,0.3274
00785,0.6478,0.2831,0.3515
00786,0.6477,0.2806,0.3579
00787,0.6476,0.2824,0.3284
00788,0.6476,0.2848,0.3492
00789,0.6476,0.2831,0.3599
00790,0.6475,0.2810,0.3211
00791,0.6475,0.2818,0.3800
00792,0.6477,0.2823,0.3270
00793,0.6480,0.2812,0.3574
00794,0.6483,0.2803,0.3536
00795,0.6487,0.2811,0.3378
00796,0.6486,0.2814,0.3560
00797,0.6485,0.2804,0.3558
00798,0.6484,0.2800,0.3390
00799,0.6483,0.2804,0.3621
00800,0.6483,0.2804,0.3440
00801,0.6482,0.2798,0.3529
00802,0.6482,0.2796,0.3585
00803,0.6480,0.2798,0.3444
00804,0.6478,0.2800,0.3545
00805,0.6477,0.2798,0.3571
00806,0.6476,0.2795,0.3336
00807,0.6475,0.2796,0.3840
00808,0.6476,0.2809,0.2723
00809,0.6477,0.2858,0.4209
00810,0.6479,0.2922,0.1848
00811,0.6481,0.3130,0.3281
00812,0.6482,0.2854,0.4003
00813,0.6480,0.3136,0.1895
00814,0.6479,0.3278,0.1436
00815,0.6477,0.3319,0.2570
00816,0.6475,0.2985,0.3666
00817,0.6474,0.3294,0.3152
00818,0.6473,0.2996,0.1963
00819,0.6472,0.3097,0.1878
00820,0.6471,0.3118,0.2319
00821,0.6474,0.3012,0.3146
00822,0.6488,0.3014,0.3292
00823,0.6503,0.2979,0.2782
00824,0.6521,0.2966,0.2718
00825,0.6522,0.2992,0.2844
00826,0.6520,0.2940,0.3208
00827,0.6518,0.2947,0.3379
00828,0.6516,0.2938,0.3063
00829,0.6514,0.2917,0.3010
00830,0.6513,0.2926,0.3266
00831,0.6513,0.2910,0.3280
00832,0.6512,0.2911,0.3254
00833,0.6511,0.2897,0.3160
00834,0.6509,0.2897,0.3168
00835,0.6509,0.2893,0.3382
00836,0.6510,0.2886,0.3357
00837,0.6511,0.2869,0.3214
00838,0.6513,0.2869,0.3207
00839,0.6515,0.2872,0.3251
00840,0.6517,0.2864,0.3346
00841,0.6515,0.2862,0.3309
00842,0.6513,0.2851,0.3233
00843,0.6511,0.2854,0.3344
00844,0.6510,0.2855,0.3383
00845,0.6510,0.2845,0.3330
00846,0.6509,0.2843,0.3233
00847,0.6508,0.2846,0.3291
00848,0.6506,0.2841,0.3392
00849,0.6504,0.2838,0.3360
00850,0.6502,0.2837,0.3339
00851,0.6501,0.2835,0.3326
00852,0.6500,0.2834,0.3432
00853,0.6502,0.2830,0.3315
00854,0.6504,0.2829,0.3399
00855,0.6506,0.2829,0.3373
00856,0.6508,0.2826,0.3490
00857,0.6507,0.2825,0.3354
00858,0.6505,0.2824,0.3540
00859,0.6504,0.2823,0.3320
00860,0.6504,0.2825,0.3637
00861,0.6503,0.2827,0.3129
00862,0.6502,0.2837,0.3808
00863,0.6501,0.2849,0.3056
00864,0.6501,0.2883,0.3908
00865,0.6499,0.2877,0.3022
00866,0.6497,0.2867,0.3520
00867,0.6495,0.2820,0.3649
00868,0.6493,0.2829,0.3096
00869,0.6493,0.2866,0.3668
00870,0.6494,0.2836,0.3487
00871,0.6495,0.2815,0.3270
00872,0.6495,0.2825,0.3601
00873,0.6496,0.2826,0.3468
00874,0.6497,0.2814,0.3361
00875,0.6495,0.2810,0.3566
00876,0.6493,0.2817,0.3413
00877,0.6491,0.2815,0.3401
00878,0.6489,0.2807,0.3551
00879,0.6488,0.2809,0.3427
00880,0.6487,0.2812,0.3423
00881,0.6486,0.2808,0.3531
00882,0.6486,0.2804,0.3449
00883,0.6485,0.2805,0.3455
00884,0.6484,0.2807,0.3543
00885,0.6483,0.2805,0.3454
00886,0.6482,0.2801,0.3470
00887,0.6484,0.2800,0.3524
00888,0.6486,0.2802,0.3459
00889,0.6486,0.2802,0.3511
00890,0.6487,0.2800,0.3532
00891,0.6488,0.2798,0.3474
00892,0.6486,0.2796,0.3533
00893,0.6484,0.2797,0.3509
00894,0.6482,0.2797,0.3536
00895,0.6482,0.2797,0.3541
00896,0.6481,0.2798,0.3519
00897,0.6480,0.2796,0.3510
00898,0.6479,0.2796,0.3561
00899,0.6478,0.2796,0.3484
00900,0.6477,0.2796,0.3577
00901,0.6475,0.2795,0.3494
00902,0.6474,0.2795,0.3556
00903,0.6472,0.2797,0.3541
00904,0.6475,0.2800,0.3524
00905,0.6476,0.2806,0.3490
00906,0.6478,0.2815,0.3493
00907,0.6479,0.2824,0.3466
00908,0.6479,0.2835,0.3450
00909,0.6479,0.2819,0.3603
00910,0.6478,0.2797,0.3490
00911,0.6478,0.2790,0.3606
00912,0.6478,0.2796,0.3467
00913,0.6480,0.2812,0.3490
00914,0.6481,0.2813,0.3534
00915,0.6481,0.2806,0.3512
00916,0.6482,0.2796,0.3572
00917,0.6482,0.2787,0.3522
00918,0.6481,0.2788,0.3557
00919,0.6482,0.2792,0.3548
00920,0.6483,0.2799,0.3554
00921,0.6485,0.2799,0.3493
00922,0.6487,0.2796,0.3613
00923,0.6488,0.2788,0.3505
00924,0.6486,0.2784,0.3687
00925,0.6484,0.2788,0.3361
00926,0.6482,0.2794,0.3835
00927,0.6481,0.2801,0.3149
00928,0.6480,0.2814,0.4033
00929,0.6484,0.2819,0.2862
00930,0.6482,0.2841,0.4094
00931,0.6481,0.2841,0.2766
00932,0.6480,0.2858,0.3495
00933,0.6479,0.2809,0.3919
00934,0.6478,0.2816,0.2931
00935,0.6477,0.2832,0.3761
00936,0.6478,0.2802,0.3661
00937,0.6479,0.2828,0.3218
00938,0.6480,0.2870,0.3587
00939,0.6482,0.2814,0.3759
00940,0.6484,0.2802,0.3134
00941,0.6484,0.2820,0.3694
00942,0.6482,0.2792,0.3827
00943,0.6482,0.2801,0.3013
00944,0.6481,0.2813,0.3682
00945,0.6480,0.2791,0.3689
00946,0.6479,0.2793,0.3209
00947,0.6479,0.2801,0.3666
00948,0.6478,0.2785,0.3683
00949,0.6478,0.2793,0.3359
00950,0.6477,0.2805,0.3514
00951,0.6477,0.2791,0.3791
00952,0.6479,0.2800,0.3015
00953,0.6482,0.2812,0.3745
00954,0.6486,0.2796,0.3610
00955,0.6495,0.2799,0.3384
00956,0.6495,0.2805,0.3417
00957,0.6495,0.2794,0.3845
00958,0.6494,0.2800,0.3019
00959,0.6494,0.2811,0.3776
00960,0.6494,0.2793,0.3631
00961,0.6493,0.2798,0.3393
00962,0.6493,0.2805,0.3495
00963,0.6492,0.2786,0.3827
00964,0.6492,0.2787,0.3129
00965,0.6493,0.2795,0.3720
00966,0.6495,0.2778,0.3676
00967,0.6497,0.2779,0.3347
00968,0.6498,0.2787,0.3640
00969,0.6500,0.2775,0.3784
00970,0.6502,0.2777,0.3199
00971,0.6502,0.2788,0.3840
00972,0.6502,0.2784,0.3377
00973,0.6501,0.2798,0.3617
00974,0.6501,0.2829,0.3055
00975,0.6500,0.2899,0.3729
00976,0.6498,0.2825,0.3261
00977,0.6498,0.2791,0.3641
00978,0.6498,0.2785,0.3704
00979,0.6498,0.2808,0.2835
00980,0.6498,0.2856,0.3955
00981,0.6499,0.2820,0.3218
00982,0.6501,0.2799,0.3523
00983,0.6501,0.2785,0.3806
00984,0.6504,0.2799,0.2915
00985,0.6506,0.2825,0.3796
00986,0.6505,0.2794,0.3618
00987,0.6506,0.2775,0.3245
00988,0.6506,0.2786,0.3840
00989,0.6505,0.2787,0.3360
00990,0.6505,0.2780,0.3541
00991,0.6504,0.2775,0.3760
00992,0.6503,0.2776,0.3325
00993,0.6503,0.2777,0.3753
00994,0.6503,0.2774,0.3645
00995,0.6503,0.2770,0.3404
00996,0.6503,0.2770,0.3737
00997,0.6506,0.2773,0.3428
00998,0.6509,0.2768,0.3681
00999,0.6511,0.2767,0.3673
